1,1,119.42,332.9,134.48000000000002,61.700000000000045,1,1,1.0
1,2,730.9,265.31,73.46000000000004,40.579999999999984,1,1,1.0
1,3,209.5,248.56,93.66000000000003,44.95999999999998,1,1,0.0
2,1,94.81,336.67,137.67,62.379999999999995,1,1,1.0
2,2,716.76,267.33,74.76999999999998,41.05000000000001,1,1,1.0
2,3,209.5,248.56,93.66000000000003,44.95999999999998,1,1,0.0
3,1,70.21,340.44,140.86,63.06,1,1,1.0
3,2,702.61,269.35,76.10000000000002,41.51999999999998,1,1,1.0
3,3,209.5,248.56,93.66000000000003,44.95999999999998,1,1,0.0
4,1,45.6,344.2,144.05,63.75,1,1,1.0
4,2,688.47,271.37,77.40999999999997,41.99000000000001,1,1,1.0
4,3,209.5,248.56,93.66000000000003,44.95999999999998,1,1,0.0
5,1,21.0,347.97,147.23,64.42999999999995,1,1,1.0
5,2,674.32,273.4,78.7299999999999,42.450000000000045,1,1,1.0
5,3,209.5,248.56,93.66000000000003,44.95999999999998,1,1,0.0
6,1,0.0,351.74,146.82,65.11000000000001,1,1,1.0
6,2,660.18,275.42,80.04000000000008,42.91999999999996,1,1,1.0
6,3,209.5,248.56,93.66000000000003,44.95999999999998,1,1,0.0
7,1,0.0,355.5,125.4,65.80000000000001,1,1,1.0
7,2,646.03,277.44,81.36000000000001,43.389999999999986,1,1,1.0
7,3,209.5,248.56,93.66000000000003,44.95999999999998,1,1,0.0
8,1,0.0,358.04,102.46,63.60999999999996,1,1,1.0
8,2,631.89,279.46,82.66999999999996,43.860000000000014,1,1,1.0
8,3,209.5,248.56,93.66000000000003,44.95999999999998,1,1,0.0
9,1,0.0,360.57,79.51,61.43000000000001,1,1,1.0
9,2,617.74,281.48,83.99000000000001,44.329999999999984,1,1,1.0
9,3,209.5,248.56,93.66000000000003,44.95999999999998,1,1,0.0
10,1,0.0,369.0,51.5,58.39999999999998,1,1,1.0
10,2,603.6,283.5,85.29999999999995,44.80000000000001,1,1,1.0
10,3,209.5,248.56,93.66000000000003,44.95999999999998,1,1,0.0
11,2,586.87,285.66,86.99000000000001,45.66999999999996,1,1,1.0
11,3,209.5,248.56,93.66000000000003,44.95999999999998,1,1,1.0
12,2,570.14,287.82,88.68000000000006,46.54000000000002,1,1,0.0
12,3,209.5,248.63,93.66000000000003,44.94999999999999,1,1,1.0
13,2,553.4,289.98,90.38,47.40999999999997,1,1,0.0
13,3,209.5,248.69,93.66000000000003,44.95999999999998,1,1,1.0
14,2,536.67,292.13,92.06000000000006,48.30000000000001,1,1,0.0
14,3,209.5,248.76,93.66000000000003,44.960000000000036,1,1,1.0
15,2,519.94,294.29,93.75,49.16999999999996,1,1,0.0
15,3,209.5,248.83,93.66000000000003,44.94999999999996,1,1,1.0
16,2,503.21,296.45,95.44,50.04000000000002,1,1,0.0
16,3,209.5,248.89,93.66000000000003,44.960000000000036,1,1,1.0
17,2,486.47,298.61,97.13999999999999,50.90999999999997,1,1,0.0
17,3,209.5,248.96,93.66000000000003,44.96000000000001,1,1,1.0
18,2,469.74,300.77,98.83000000000004,51.78000000000003,1,1,0.0
18,3,209.5,249.03,93.66000000000003,44.95000000000002,1,1,1.0
19,2,453.01,302.93,100.51999999999998,52.64999999999998,1,1,0.0
19,3,209.5,249.1,93.66000000000003,44.95000000000002,1,1,1.0
20,2,436.28,305.08,102.20000000000005,53.54000000000002,1,1,0.0
20,3,209.5,249.16,93.66000000000003,44.96000000000001,1,1,1.0
21,2,419.54,307.24,103.90000000000003,54.40999999999997,1,1,1.0
21,3,209.5,249.23,93.66000000000003,44.96000000000001,1,1,1.0
22,2,402.81,309.4,105.58999999999997,55.28000000000003,1,1,1.0
22,3,209.5,249.3,93.66000000000003,44.94999999999999,1,1,1.0
23,2,383.12,312.7,107.58999999999997,56.379999999999995,1,1,1.0
23,3,209.5,249.36,93.66000000000003,44.95999999999998,1,1,1.0
24,2,363.43,316.0,109.59999999999997,57.48000000000002,1,1,1.0
24,3,209.5,249.43,93.66000000000003,44.95999999999998,1,1,1.0
25,2,343.74,319.3,111.59999999999997,58.56999999999999,1,1,1.0
25,3,209.5,249.5,93.66000000000003,44.94999999999999,1,1,1.0
26,2,324.06,322.6,113.60000000000002,59.66999999999996,1,1,1.0
26,3,209.5,249.56,93.66000000000003,44.95999999999998,1,1,1.0
27,2,304.37,325.9,115.60000000000002,60.77000000000004,1,1,1.0
27,3,209.5,249.63,93.66000000000003,44.95999999999998,1,1,1.0
28,2,284.68,329.2,117.61000000000001,61.870000000000005,1,1,1.0
28,3,209.5,249.7,93.66000000000003,44.94999999999999,1,1,1.0
29,2,264.99,332.5,119.61000000000001,62.95999999999998,1,1,1.0
29,3,209.5,249.76,93.66000000000003,44.960000000000036,1,1,1.0
30,2,241.1,336.1,124.38000000000002,64.95999999999998,1,1,1.0
30,3,209.5,249.83,93.66000000000003,44.96000000000001,1,1,1.0
31,2,217.22,339.7,129.14000000000001,66.96000000000004,1,1,1.0
31,3,209.5,249.9,93.66000000000003,44.95000000000002,1,1,1.0
32,2,193.34,343.3,133.9,68.94999999999999,1,1,1.0
32,3,209.5,249.97,93.66000000000003,44.95000000000002,1,1,1.0
33,2,169.45,346.9,138.67000000000002,70.95000000000005,1,1,1.0
33,3,209.5,250.03,93.66000000000003,44.96000000000001,1,1,1.0
34,2,145.57,350.5,143.43,72.94999999999999,1,1,1.0
34,3,209.5,250.1,93.66000000000003,44.96000000000001,1,1,1.0
35,2,121.68,354.1,144.82,74.94,1,1,1.0
35,3,209.5,250.17,93.66000000000003,44.95000000000002,1,1,1.0
36,2,97.8,357.7,146.2,76.94,1,1,1.0
36,3,209.5,250.23,93.66000000000003,44.96000000000001,1,1,1.0
37,2,73.35,362.74,147.83,77.76999999999998,1,1,1.0
37,3,209.5,250.3,93.66000000000003,44.95999999999998,1,1,1.0
38,2,48.9,367.78,149.45,78.60000000000002,1,1,1.0
38,3,209.5,250.37,93.66000000000003,44.94999999999999,1,1,1.0
39,2,24.45,372.82,151.08,79.44,1,1,1.0
39,3,209.5,250.43,93.66000000000003,44.95999999999998,1,1,1.0
40,2,0.0,377.86,152.7,80.26999999999998,1,1,1.0
40,3,209.5,250.5,93.66000000000003,44.95999999999998,1,1,1.0
41,2,0.0,382.9,125.77,81.10000000000002,1,1,1.0
41,3,209.5,250.57,93.66000000000003,44.94999999999999,1,1,1.0
42,2,0.0,385.7,103.38,83.19999999999999,1,1,1.0
42,3,209.5,250.63,93.66000000000003,44.95999999999998,1,1,1.0
43,2,0.0,385.0,76.09,83.19999999999999,1,1,1.0
43,3,209.5,250.7,93.66000000000003,44.960000000000036,1,1,1.0
44,2,0.0,389.2,50.91,83.19999999999999,1,1,1.0
44,3,209.5,250.77,93.66000000000003,44.95000000000002,1,1,1.0
45,3,209.5,250.84,93.66000000000003,44.95000000000002,1,1,1.0
46,3,209.5,250.9,93.66000000000003,44.96000000000001,1,1,1.0
47,3,209.5,250.97,93.66000000000003,44.96000000000001,1,1,1.0
48,3,209.5,251.04,93.66000000000003,44.95000000000002,1,1,1.0
49,3,209.5,251.1,93.66000000000003,44.96000000000001,1,1,1.0
50,3,209.5,251.17,93.66000000000003,44.96000000000001,1,1,1.0
51,3,209.5,251.24,93.66000000000003,44.94999999999999,1,1,1.0
52,3,209.5,251.3,93.66000000000003,44.95999999999998,1,1,1.0
53,3,209.5,251.37,93.66000000000003,44.95999999999998,1,1,1.0
54,3,209.5,251.44,93.66000000000003,44.94999999999999,1,1,1.0
55,3,209.5,251.5,93.66000000000003,44.95999999999998,1,1,1.0
56,3,209.5,251.57,93.66000000000003,44.95999999999998,1,1,1.0
57,4,923.78,224.98,36.22000000000003,66.52000000000001,1,1,1.0
57,3,209.5,251.64,93.66000000000003,44.94999999999999,1,1,1.0
58,4,917.7,225.08,42.299999999999955,68.15,1,1,1.0
58,3,209.5,251.71,93.66000000000003,44.95000000000002,1,1,1.0
59,4,911.61,225.18,48.389999999999986,69.79000000000002,1,1,1.0
59,3,209.5,251.77,93.66000000000003,44.96000000000001,1,1,1.0
60,4,905.53,225.28,54.47000000000003,71.41999999999999,1,1,1.0
60,3,209.5,251.84,93.66000000000003,44.96000000000001,1,1,1.0
61,4,899.44,225.38,60.559999999999945,73.05000000000001,1,1,1.0
61,3,209.5,251.91,93.66000000000003,44.95000000000002,1,1,1.0
62,4,893.36,225.48,66.63999999999999,74.69000000000003,1,1,1.0
62,3,209.5,251.97,93.66000000000003,44.96000000000001,1,1,1.0
63,4,887.27,225.59,72.73000000000002,76.30999999999997,1,1,1.0
63,3,209.5,252.04,93.66000000000003,44.96000000000001,1,1,1.0
64,4,881.18,225.69,78.82000000000005,77.94,1,1,1.0
64,3,209.5,252.11,93.66000000000003,44.94999999999999,1,1,1.0
65,4,875.1,225.79,84.89999999999998,79.58000000000001,1,1,1.0
65,3,209.5,252.17,93.66000000000003,44.96000000000001,1,1,1.0
66,4,869.01,225.89,90.99000000000001,81.21000000000004,1,1,1.0
66,3,209.5,252.24,93.66000000000003,44.95999999999998,1,1,1.0
67,4,862.93,225.99,97.07000000000005,82.83999999999997,1,1,1.0
67,3,209.5,252.31,93.66000000000003,44.94999999999999,1,1,1.0
68,4,856.84,226.09,103.15999999999997,84.47999999999999,1,1,1.0
68,3,209.5,252.38,93.66000000000003,44.94999999999999,1,1,1.0
69,4,850.76,226.2,109.24000000000001,86.10000000000002,1,1,1.0
69,3,209.5,252.44,93.66000000000003,44.95999999999998,1,1,1.0
70,4,844.67,226.3,115.33000000000004,87.72999999999996,1,1,1.0
70,3,209.5,252.51,93.66000000000003,44.960000000000036,1,1,1.0
71,4,838.59,226.4,121.40999999999997,89.36999999999998,1,1,1.0
71,3,209.5,252.58,93.66000000000003,44.94999999999996,1,1,1.0
72,4,832.5,226.5,127.5,91.0,1,1,1.0
72,3,209.5,252.64,93.66000000000003,44.960000000000036,1,1,1.0
73,4,823.33,227.35,136.66999999999996,92.22,1,1,1.0
73,3,209.5,252.71,93.66000000000003,44.96000000000001,1,1,1.0
74,4,814.16,228.21,145.84000000000003,93.42999999999998,1,1,1.0
74,3,209.5,252.78,93.66000000000003,44.95000000000002,1,1,1.0
75,4,804.99,229.06,155.01,94.63999999999999,1,1,1.0
75,3,209.5,252.84,93.66000000000003,44.96000000000001,1,1,1.0
76,4,795.82,229.92,164.17999999999995,93.78,1,1,1.0
76,3,209.5,252.91,93.66000000000003,44.96000000000001,1,1,1.0
77,4,789.0,230.77,167.67999999999995,94.83000000000001,1,1,1.0
77,3,209.5,252.98,93.66000000000003,44.95000000000002,1,1,1.0
78,4,782.17,231.63,171.19000000000005,95.87,1,1,1.0
78,3,209.5,253.04,93.66000000000003,44.96000000000001,1,1,1.0
79,4,775.35,232.48,174.68999999999994,96.91999999999999,1,1,1.0
79,3,209.5,253.11,93.66000000000003,44.95999999999998,1,1,1.0
80,4,768.52,233.34,178.20000000000005,97.96000000000001,1,1,1.0
80,3,209.5,253.18,93.66000000000003,44.94999999999999,1,1,1.0
81,4,761.7,234.19,181.69999999999993,99.00999999999999,1,1,1.0
81,3,209.5,253.25,93.66000000000003,44.94999999999999,1,1,1.0
82,4,751.36,235.04,185.92999999999995,100.45000000000002,1,1,1.0
82,3,209.5,253.25,93.66000000000003,44.94999999999999,1,1,1.0
83,4,741.02,235.9,190.15999999999997,101.87999999999997,1,1,1.0
83,3,209.5,253.25,93.66000000000003,44.94999999999999,1,1,1.0
84,4,730.68,236.75,194.3900000000001,103.32999999999998,1,1,1.0
84,5,717.3,262.01,42.91000000000008,30.720000000000027,1,1,0.0
84,3,209.5,253.25,93.66000000000003,44.94999999999999,1,1,1.0
85,4,720.33,237.61,198.63,104.75999999999999,1,1,1.0
85,5,706.91,261.11,42.91000000000008,30.70999999999998,1,1,0.0
85,3,209.5,253.25,93.66000000000003,44.94999999999999,1,1,1.0
86,4,709.99,238.46,202.86,106.20000000000002,1,1,1.0
86,5,694.57,261.73,46.26999999999998,30.909999999999968,1,1,0.0
86,3,209.5,253.25,93.66000000000003,44.94999999999999,1,1,1.0
87,4,699.65,239.32,207.09000000000003,107.63,1,1,1.0
87,5,682.24,262.35,49.629999999999995,31.109999999999957,1,1,0.0
87,3,209.5,253.25,93.66000000000003,44.94999999999999,1,1,1.0
88,4,689.31,240.17,211.32000000000005,109.08000000000001,1,1,1.0
88,5,669.9,262.97,52.99000000000001,31.309999999999945,1,1,0.0
88,3,209.5,253.25,93.66000000000003,44.94999999999999,1,1,1.0
89,4,678.97,241.03,215.54999999999995,110.51000000000002,1,1,1.0
89,5,657.57,263.6,56.33999999999992,31.489999999999952,1,1,0.0
89,3,209.5,253.25,93.66000000000003,44.94999999999999,1,1,1.0
90,4,668.63,241.88,219.77999999999997,111.94999999999999,1,1,1.0
90,5,645.23,264.22,59.710000000000036,31.689999999999998,1,1,0.0
90,3,209.5,253.25,93.66000000000003,44.94999999999999,1,1,1.0
91,4,658.28,242.74,224.01999999999998,113.38,1,1,1.0
91,5,632.89,264.84,63.07000000000005,31.890000000000043,1,1,0.0
91,3,209.5,253.25,93.66000000000003,44.94999999999999,1,1,1.0
92,4,649.11,243.59,227.39,114.82000000000002,1,1,1.0
92,5,620.56,265.46,66.43000000000006,32.09000000000003,1,1,0.0
92,3,209.5,253.25,93.66000000000003,44.94999999999999,1,1,1.0
93,4,639.95,244.44,230.75,116.26999999999998,1,1,1.0
93,5,608.22,266.08,69.78999999999996,32.28000000000003,1,1,0.0
93,3,209.5,253.25,93.66000000000003,44.94999999999999,1,1,1.0
94,4,630.78,245.3,234.12,117.69999999999999,1,1,1.0
94,5,595.88,266.7,73.14999999999998,32.48000000000002,1,1,0.0
94,3,209.5,253.25,93.66000000000003,44.94999999999999,1,1,1.0
95,4,618.47,247.24,237.68999999999994,118.93,1,1,1.0
95,5,583.55,267.32,76.50999999999999,32.68000000000001,1,1,0.0
95,3,209.5,253.25,93.66000000000003,44.94999999999999,1,1,0.0
96,4,606.16,249.19,241.26999999999998,120.16000000000003,1,1,1.0
96,5,571.21,267.94,79.87,32.870000000000005,1,1,0.0
96,3,209.5,253.25,93.66000000000003,44.94999999999999,1,1,0.0
97,4,593.85,251.13,244.84000000000003,121.38999999999999,1,1,1.0
97,5,558.88,268.56,83.22000000000003,33.06999999999999,1,1,0.0
97,3,209.5,253.25,93.66000000000003,44.94999999999999,1,1,0.0
98,4,581.54,253.07,248.42000000000007,122.62,1,1,1.0
98,5,546.54,269.18,86.59000000000003,33.26999999999998,1,1,0.0
98,3,209.5,253.25,93.66000000000003,44.94999999999999,1,1,0.0
99,4,569.23,255.01,251.99,123.85000000000002,1,1,1.0
99,5,534.2,269.81,89.94999999999993,33.45999999999998,1,1,0.0
99,3,209.5,253.25,93.66000000000003,44.94999999999999,1,1,0.0
100,4,556.92,256.96,255.57000000000005,125.08000000000004,1,1,1.0
100,5,521.87,270.43,93.30999999999995,33.64999999999998,1,1,0.0
100,3,209.5,253.25,93.66000000000003,44.94999999999999,1,1,0.0
101,4,544.61,258.9,259.14,126.31,1,1,1.0
101,5,509.53,271.05,96.67000000000007,33.849999999999966,1,1,0.0
101,3,209.5,253.25,93.66000000000003,44.94999999999999,1,1,0.0
102,4,532.3,258.0,262.71000000000004,130.38,1,1,1.0
102,5,495.73,271.62,97.93999999999994,34.49000000000001,1,1,0.0
102,3,209.5,253.25,93.66000000000003,44.94999999999999,1,1,0.0
103,4,517.53,259.45,268.75,132.11,1,1,1.0
103,6,952.57,222.32,7.42999999999995,44.139999999999986,1,1,1.0
103,5,481.93,272.18,99.21999999999997,35.139999999999986,1,1,0.0
103,3,209.5,253.25,93.66000000000003,44.94999999999999,1,1,0.0
104,4,502.76,260.9,274.78,133.83000000000004,1,1,1.0
104,6,945.9,222.32,14.100000000000023,44.139999999999986,1,1,1.0
104,5,468.13,272.75,100.49000000000001,35.77999999999997,1,1,0.0
104,3,209.5,253.25,93.66000000000003,44.94999999999999,1,1,0.0
105,4,487.99,262.8,280.81999999999994,135.09999999999997,1,1,1.0
105,6,941.93,217.56,18.07000000000005,49.75999999999999,1,1,1.0
105,5,454.32,273.32,101.77000000000004,36.420000000000016,1,1,0.0
105,3,209.5,253.25,93.66000000000003,44.94999999999999,1,1,0.0
106,4,473.22,264.7,286.85,136.37,1,1,1.0
106,6,937.96,212.8,22.039999999999964,55.379999999999995,1,1,1.0
106,5,440.52,273.89,103.03999999999996,37.06,1,1,0.0
106,3,209.5,253.25,93.66000000000003,44.94999999999999,1,1,0.0
107,4,458.45,266.6,292.89000000000004,137.64999999999998,1,1,1.0
107,6,933.99,213.02,26.00999999999999,56.02000000000001,1,1,1.0
107,5,426.72,274.46,104.31999999999994,37.69,1,1,0.0
107,3,209.5,253.25,93.66000000000003,44.94999999999999,1,1,0.0
108,4,443.69,268.5,298.91,138.92000000000002,1,1,1.0
108,6,930.01,213.24,29.99000000000001,56.670000000000016,1,1,1.0
108,5,412.92,275.03,105.58999999999997,38.33000000000004,1,1,0.0
108,3,209.5,253.25,93.66000000000003,44.94999999999999,1,1,0.0
109,4,425.94,270.4,303.93,142.32000000000005,1,1,1.0
109,6,926.04,213.46,33.960000000000036,57.309999999999974,1,1,1.0
109,5,399.12,275.59,106.86000000000001,38.98000000000002,1,1,0.0
109,3,209.5,253.25,93.66000000000003,44.94999999999999,1,1,0.0
110,4,408.63,272.27,311.17999999999995,145.76,1,1,1.0
110,6,922.07,213.68,37.92999999999995,57.95999999999998,1,1,1.0
110,5,385.32,276.16,108.13,39.61999999999995,1,1,0.0
110,7,624.61,254.34,85.99000000000001,23.82000000000002,1,1,0.0
110,3,209.5,253.25,93.66000000000003,44.94999999999999,1,1,0.0
111,4,391.32,274.13,318.44,149.2,1,1,1.0
111,6,918.1,213.9,41.89999999999998,58.599999999999994,1,1,1.0
111,5,371.52,276.73,109.41000000000003,40.25999999999999,1,1,0.0
111,7,609.84,255.15,88.30999999999995,25.07000000000002,1,1,0.0
111,3,209.5,253.25,93.66000000000003,44.94999999999999,1,1,0.0
112,4,374.02,276.0,325.69000000000005,152.63,1,1,1.0
112,6,913.01,214.25,46.99000000000001,58.579999999999984,1,1,1.0
112,5,357.71,277.3,110.69,40.89999999999998,1,1,0.0
112,7,595.06,255.95,90.65000000000009,26.329999999999984,1,1,0.0
112,3,209.5,253.25,93.66000000000003,44.94999999999999,1,1,0.0
113,4,356.71,277.87,332.94,156.07,1,1,1.0
113,6,907.92,214.6,52.08000000000004,58.57000000000002,1,1,1.0
113,5,342.0,278.22,111.49000000000001,41.21999999999997,1,1,0.0
113,7,580.28,256.76,92.98000000000002,27.569999999999993,1,1,0.0
113,3,209.5,253.25,93.66000000000003,44.94999999999999,1,1,0.0
114,4,339.4,279.73,340.20000000000005,159.51,1,1,1.0
114,6,902.82,214.95,57.17999999999995,58.55000000000001,1,1,1.0
114,5,326.29,279.13,112.28999999999996,41.55000000000001,1,1,0.0
114,7,565.51,257.56,95.31000000000006,28.829999999999984,1,1,0.0
114,3,209.5,253.25,93.66000000000003,44.94999999999999,1,1,0.0
115,4,319.03,281.6,348.58000000000004,162.94,1,1,1.0
115,6,897.73,215.3,62.26999999999998,58.52999999999997,1,1,1.0
115,5,310.57,280.05,113.11000000000001,41.860000000000014,1,1,0.0
115,7,550.73,258.37,97.63999999999999,30.079999999999984,1,1,0.0
115,3,209.5,253.25,93.66000000000003,44.94999999999999,1,1,0.0
116,4,298.66,283.47,356.96999999999997,166.38,1,1,1.0
116,6,892.64,215.65,67.36000000000001,58.52000000000001,1,1,1.0
116,5,294.86,280.96,113.90999999999997,42.19,1,1,0.0
116,7,535.95,259.17,99.9799999999999,31.339999999999975,1,1,0.0
116,3,209.5,253.25,93.66000000000003,44.94999999999999,1,1,0.0
117,4,278.29,285.33,365.34999999999997,169.82,1,1,1.0
117,6,887.55,216.0,72.45000000000005,58.5,1,1,1.0
117,5,279.14,281.88,114.72000000000003,42.50999999999999,1,1,0.0
117,7,521.17,259.98,102.31000000000006,32.589999999999975,1,1,0.0
117,3,209.5,253.25,93.66000000000003,44.94999999999999,1,1,0.0
118,4,257.91,287.2,373.74999999999994,173.25,1,1,1.0
118,6,882.46,216.35,77.53999999999996,58.92999999999998,1,1,1.0
118,5,263.43,282.79,115.51999999999998,42.839999999999975,1,1,0.0
118,7,506.4,260.78,104.63999999999999,33.85000000000002,1,1,0.0
118,3,209.5,253.25,93.66000000000003,44.94999999999999,1,1,0.0
119,4,237.54,289.07,382.13,176.69,1,1,1.0
119,6,877.37,216.7,82.63,59.370000000000005,1,1,1.0
119,5,247.71,283.71,116.34,43.150000000000034,1,1,0.0
119,7,491.62,261.59,106.97000000000003,35.09000000000003,1,1,0.0
119,3,209.5,253.25,93.66000000000003,44.94999999999999,1,1,0.0
120,4,217.17,290.93,390.5200000000001,180.13,1,1,1.0
120,6,872.28,217.05,82.72000000000003,59.80000000000001,1,1,1.0
120,5,232.0,284.62,117.13999999999999,43.48000000000002,1,1,0.0
120,7,476.84,262.39,109.31,36.35000000000002,1,1,0.0
120,3,209.5,253.25,93.66000000000003,44.94999999999999,1,1,0.0
121,4,196.8,292.8,398.90000000000003,183.56,1,1,1.0
121,6,867.18,217.4,83.45000000000005,60.22999999999999,1,1,1.0
121,5,216.29,285.54,117.94000000000003,43.799999999999955,1,1,0.0
121,7,462.07,263.2,111.63000000000005,37.60000000000002,1,1,0.0
121,3,209.5,253.25,93.66000000000003,44.94999999999999,1,1,0.0
122,4,170.36,295.34,412.67999999999995,187.95000000000005,1,1,1.0
122,6,862.09,217.75,84.17999999999995,60.670000000000016,1,1,1.0
122,5,200.57,286.45,118.75,44.129999999999995,1,1,0.0
122,7,446.56,263.93,113.44,38.71999999999997,1,1,0.0
122,3,209.5,253.25,93.66000000000003,44.94999999999999,1,1,0.0
123,4,143.92,297.88,426.46000000000004,192.34000000000003,1,1,1.0
123,6,857.0,218.1,84.89999999999998,61.099999999999994,1,1,1.0
123,5,184.86,287.37,119.56,44.44999999999999,1,1,0.0
123,7,431.05,264.65,115.24999999999994,39.85000000000002,1,1,0.0
123,3,209.5,253.25,93.66000000000003,44.94999999999999,1,1,0.0
124,4,117.48,300.43,440.24,196.70999999999998,1,1,1.0
124,6,851.34,218.47,85.42999999999995,61.380000000000024,1,1,1.0
124,5,169.14,288.28,120.37,44.77000000000004,1,1,0.0
124,7,415.54,265.38,117.06,40.95999999999998,1,1,0.0
124,3,209.5,253.25,93.66000000000003,44.94999999999999,1,1,0.0
125,4,91.04,302.97,454.0199999999999,201.09999999999997,1,1,1.0
125,6,845.67,218.83,85.96000000000004,61.67999999999998,1,1,1.0
125,5,153.43,289.2,121.17000000000002,45.09000000000003,1,1,1.0
125,7,400.03,266.11,118.87,42.079999999999984,1,1,0.0
125,3,209.5,253.25,93.66000000000003,44.94999999999999,1,1,0.0
126,4,64.6,305.51,467.79999999999995,205.49,1,1,1.0
126,6,840.01,219.2,86.49000000000001,61.960000000000036,1,1,1.0
126,5,134.63,290.78,122.92000000000002,45.700000000000045,1,1,1.0
126,7,384.53,266.83,120.67000000000002,43.210000000000036,1,1,0.0
126,3,209.5,253.25,93.66000000000003,44.94999999999999,1,1,0.0
127,4,53.83,308.05,463.12000000000006,207.78000000000003,1,1,1.0
127,6,834.35,219.57,87.01999999999998,62.24000000000001,1,1,1.0
127,5,115.82,292.35,124.68,46.31,1,1,1.0
127,7,369.02,267.56,122.48000000000002,44.329999999999984,1,1,0.0
127,3,209.5,253.25,93.66000000000003,44.94999999999999,1,1,0.0
128,4,43.07,310.59,458.44,210.07999999999998,1,1,1.0
128,6,828.68,219.93,87.55000000000007,62.54000000000002,1,1,1.0
128,5,97.02,293.93,126.42999999999999,46.920000000000016,1,1,1.0
128,7,353.51,268.28,124.29000000000002,45.450000000000045,1,1,0.0
128,3,209.5,253.25,93.66000000000003,44.94999999999999,1,1,0.0
129,4,32.3,313.13,453.76,212.37,1,1,1.0
129,6,823.02,220.3,88.08000000000004,62.81999999999999,1,1,1.0
129,5,78.22,295.5,128.18,47.54000000000002,1,1,1.0
129,7,338.0,269.01,126.10000000000002,46.56999999999999,1,1,0.0
129,3,209.5,253.25,93.66000000000003,44.94999999999999,1,1,0.0
130,4,21.53,315.67,449.08000000000004,214.66000000000003,1,1,1.0
130,6,817.36,220.67,88.61000000000001,63.099999999999994,1,1,1.0
130,5,59.42,297.08,129.93,48.14000000000004,1,1,1.0
130,7,322.49,269.74,127.90999999999997,47.69,1,1,0.0
130,3,209.5,253.25,93.66000000000003,44.94999999999999,1,1,0.0
131,4,10.77,318.22,444.40000000000003,216.94999999999993,1,1,1.0
131,6,811.69,221.03,89.13999999999999,63.400000000000006,1,1,1.0
131,5,40.62,298.65,131.68,48.76000000000005,1,1,1.0
131,7,306.99,270.46,129.70999999999998,48.81999999999999,1,1,0.0
131,3,209.5,253.25,93.66000000000003,44.94999999999999,1,1,0.0
132,4,0.0,320.76,439.72,219.24,1,1,1.0
132,6,806.03,221.4,89.67000000000007,63.67999999999998,1,1,1.0
132,5,21.81,300.23,133.44,49.35999999999996,1,1,1.0
132,7,291.48,271.19,131.51999999999998,49.94,1,1,0.0
132,3,209.5,253.25,93.66000000000003,44.94999999999999,1,1,0.0
133,4,0.0,323.3,424.28,216.7,1,1,1.0
133,6,798.24,221.84,91.18999999999994,64.02000000000001,1,1,1.0
133,5,3.01,301.8,135.19,49.97999999999996,1,1,1.0
133,7,276.98,271.92,130.7,51.05000000000001,1,1,0.0
133,3,209.5,253.25,93.66000000000003,44.94999999999999,1,1,0.0
134,4,0.0,326.81,404.98,213.19,1,1,1.0
134,6,790.44,222.28,92.71999999999991,64.35,1,1,1.0
134,5,2.26,302.68,118.1,49.80000000000001,1,1,1.0
134,7,262.49,272.64,129.86,52.18000000000001,1,1,0.0
134,3,209.5,253.25,93.66000000000003,44.94999999999999,1,1,0.0
135,4,0.0,330.32,385.68,209.68,1,1,1.0
135,6,782.65,222.72,94.24000000000001,64.69000000000003,1,1,1.0
135,5,1.51,303.55,101.00999999999999,49.629999999999995,1,1,1.0
135,7,247.99,273.37,129.02999999999997,53.30000000000001,1,1,0.0
135,3,209.5,253.25,93.66000000000003,44.94999999999999,1,1,0.0
136,4,0.0,333.82,366.38,206.18,1,1,1.0
136,6,774.86,223.16,95.75999999999999,65.02000000000001,1,1,1.0
136,5,0.75,304.43,83.93,49.44999999999999,1,1,1.0
136,7,233.5,274.09,128.2,54.43000000000001,1,1,0.0
136,3,209.5,253.25,93.66000000000003,44.94999999999999,1,1,0.0
137,4,0.0,337.33,347.09,202.67000000000002,1,1,1.0
137,6,767.06,223.6,97.29000000000008,65.35999999999999,1,1,1.0
137,5,0.0,305.3,66.84,49.27999999999997,1,1,1.0
137,7,219.0,274.82,127.38,55.54000000000002,1,1,0.0
137,3,209.5,253.25,93.66000000000003,44.94999999999999,1,1,0.0
138,4,0.0,340.84,327.79,199.16000000000003,1,1,1.0
138,6,759.27,224.04,98.81000000000006,65.70000000000002,1,1,1.0
138,5,0.0,305.3,44.5,49.27999999999997,1,1,1.0
138,7,201.81,275.55,129.24,56.65999999999997,1,1,0.0
138,8,707.81,501.43,140.43000000000006,38.56999999999999,1,1,1.0
138,3,209.5,253.25,93.66000000000003,44.94999999999999,1,1,0.0
139,4,0.0,344.35,308.49,195.64999999999998,1,1,1.0
139,6,751.47,224.48,100.33999999999992,66.03,1,1,1.0
139,7,184.61,276.27,131.12,57.79000000000002,1,1,0.0
139,8,716.09,496.43,139.41999999999996,43.56999999999999,1,1,1.0
139,3,209.5,253.25,93.66000000000003,44.94999999999999,1,1,0.0
140,4,0.0,347.86,289.2,192.14,1,1,1.0
140,6,743.68,224.92,101.86000000000001,66.37000000000003,1,1,1.0
140,7,167.42,277.0,132.98,58.910000000000025,1,1,0.0
140,8,724.37,491.42,138.41999999999996,48.579999999999984,1,1,1.0
140,3,209.5,253.25,93.66000000000003,44.94999999999999,1,1,0.0
141,4,0.0,351.37,269.9,188.63,1,1,1.0
141,6,735.89,225.36,103.38,66.69999999999999,1,1,1.0
141,7,149.5,278.43,134.79000000000002,59.44999999999999,1,1,0.0
141,8,732.65,486.41,137.40999999999997,53.589999999999975,1,1,1.0
141,3,209.5,253.25,93.66000000000003,44.94999999999999,1,1,0.0
142,4,0.0,354.87,246.98,185.13,1,1,1.0
142,6,728.09,225.8,104.90999999999997,67.03999999999996,1,1,1.0
142,7,131.59,279.86,136.58,59.99000000000001,1,1,0.0
142,8,740.92,481.41,136.41000000000008,58.589999999999975,1,1,1.0
142,3,209.5,253.25,93.66000000000003,44.94999999999999,1,1,0.0
143,4,0.0,358.38,224.05,181.62,1,1,1.0
143,6,721.35,225.8,104.89999999999998,67.87,1,1,1.0
143,7,113.68,281.29,138.38,60.52999999999997,1,1,0.0
143,8,749.2,476.4,135.39999999999998,63.60000000000002,1,1,1.0
143,3,209.5,253.25,93.66000000000003,44.94999999999999,1,1,0.0
144,4,0.0,361.89,201.13,178.11,1,1,1.0
144,6,714.6,225.8,104.89999999999998,68.69999999999999,1,1,1.0
144,7,95.77,282.71,140.17000000000002,61.08000000000004,1,1,0.0
144,8,758.68,471.52,133.30000000000007,68.48000000000002,1,1,1.0
144,3,209.5,253.25,93.66000000000003,44.94999999999999,1,1,0.0
145,4,0.0,365.4,178.2,174.60000000000002,1,1,1.0
145,6,705.88,226.22,105.95000000000005,68.9,1,1,1.0
145,7,77.86,284.14,141.97000000000003,61.620000000000005,1,1,1.0
145,8,768.16,466.65,131.21000000000004,73.35000000000002,1,1,1.0
145,3,209.5,253.25,93.66000000000003,44.94999999999999,1,1,0.0
146,4,0.0,370.25,152.5,169.75,1,1,1.0
146,6,697.17,226.65,106.98000000000002,69.09,1,1,1.0
146,7,59.95,285.57,143.76,62.160000000000025,1,1,1.0
146,8,777.63,461.77,129.12,78.23000000000002,1,1,1.0
146,3,209.5,253.25,93.66000000000003,44.94999999999999,1,1,1.0
147,4,0.0,375.1,126.8,164.89999999999998,1,1,1.0
147,6,688.45,227.07,108.02999999999997,69.29000000000002,1,1,1.0
147,7,42.03,287.0,145.57,62.69999999999999,1,1,1.0
147,8,787.11,456.9,127.02999999999997,83.10000000000002,1,1,1.0
147,3,209.5,253.25,93.66000000000003,44.94999999999999,1,1,1.0
148,4,0.0,379.95,101.1,160.05,1,1,1.0
148,6,679.74,227.5,109.05999999999995,69.47000000000003,1,1,1.0
148,7,24.87,287.98,145.04,62.69,1,1,1.0
148,8,796.59,452.02,124.92999999999995,83.72000000000003,1,1,1.0
148,3,209.5,253.25,93.66000000000003,44.94999999999999,1,1,1.0
149,4,0.0,384.8,75.4,155.2,1,1,1.0
149,6,671.02,227.92,110.11000000000001,69.66999999999999,1,1,1.0
149,7,7.7,288.95,144.51000000000002,62.69999999999999,1,1,1.0
149,8,806.07,447.14,122.82999999999993,84.34000000000003,1,1,1.0
149,3,209.5,253.25,93.66000000000003,44.94999999999999,1,1,1.0
150,4,0.0,384.8,48.7,155.2,1,1,1.0
150,6,662.3,228.35,111.15000000000009,69.85999999999999,1,1,1.0
150,7,0.0,289.93,134.52,62.69999999999999,1,1,1.0
150,8,815.54,442.27,120.75,84.95000000000005,1,1,1.0
150,3,209.5,253.25,93.66000000000003,44.94999999999999,1,1,1.0
151,6,653.59,228.77,112.18999999999994,70.05999999999997,1,1,1.0
151,7,0.0,290.9,116.83,62.700000000000045,1,1,1.0
151,8,825.02,437.39,118.64999999999998,85.57000000000005,1,1,1.0
151,3,209.5,253.25,93.66000000000003,44.94999999999999,1,1,1.0
152,6,644.87,229.2,113.23000000000002,70.25,1,1,1.0
152,7,0.0,291.88,99.14,62.69999999999999,1,1,1.0
152,8,834.5,432.52,116.54999999999995,86.18000000000006,1,1,1.0
152,3,209.5,253.25,93.66000000000003,44.94999999999999,1,1,1.0
153,6,636.16,229.62,114.26999999999998,70.44999999999999,1,1,1.0
153,7,0.0,292.85,81.44,62.69999999999999,1,1,1.0
153,8,841.71,428.91,113.81999999999994,85.08999999999997,1,1,1.0
153,3,209.5,253.25,93.66000000000003,44.94999999999999,1,1,1.0
154,6,627.44,230.05,115.30999999999995,70.63999999999999,1,1,1.0
154,7,0.0,293.83,63.75,62.69999999999999,1,1,1.0
154,8,848.92,425.31,111.08000000000004,83.99000000000001,1,1,1.0
154,3,209.5,253.25,93.66000000000003,44.94999999999999,1,1,1.0
155,6,618.72,230.47,116.36000000000001,70.83000000000001,1,1,1.0
155,7,0.0,294.8,46.06,62.69999999999999,1,1,1.0
155,8,856.13,421.7,103.87,82.90000000000003,1,1,1.0
155,3,209.5,253.25,93.66000000000003,44.94999999999999,1,1,1.0
156,6,610.01,230.9,117.38999999999999,71.02000000000001,1,1,1.0
156,8,863.34,418.1,96.65999999999997,81.79999999999995,1,1,1.0
156,3,209.5,253.25,93.66000000000003,44.94999999999999,1,1,1.0
157,6,599.07,231.23,118.52999999999997,71.51000000000002,1,1,1.0
157,8,870.55,414.49,89.45000000000005,80.70999999999998,1,1,1.0
157,3,209.5,253.25,93.66000000000003,44.94999999999999,1,1,1.0
158,6,588.12,231.55,119.67999999999995,72.00999999999999,1,1,1.0
158,8,877.76,410.89,82.24000000000001,79.61000000000001,1,1,1.0
158,3,209.5,253.25,93.66000000000003,44.94999999999999,1,1,1.0
159,6,577.18,231.88,120.82000000000005,72.49000000000001,1,1,1.0
159,8,884.97,407.28,75.02999999999997,78.52000000000004,1,1,1.0
159,3,209.5,253.25,93.66000000000003,44.94999999999999,1,1,1.0
160,6,566.24,232.2,121.96000000000004,72.99000000000001,1,1,1.0
160,8,892.18,403.68,67.82000000000005,77.42000000000002,1,1,1.0
160,3,209.5,253.25,93.66000000000003,44.94999999999999,1,1,1.0
161,6,555.3,232.53,123.10000000000002,73.47999999999999,1,1,1.0
161,8,897.91,399.74,62.09000000000003,77.42000000000002,1,1,1.0
161,3,209.5,253.25,93.66000000000003,44.94999999999999,1,1,1.0
162,6,544.36,232.85,124.24000000000001,73.97999999999999,1,1,1.0
162,8,903.64,395.8,56.360000000000014,77.42000000000002,1,1,1.0
162,3,209.5,253.25,93.66000000000003,44.94999999999999,1,1,1.0
163,6,533.42,233.18,125.38,74.45999999999998,1,1,0.0
163,8,909.37,391.86,50.629999999999995,77.41999999999996,1,1,1.0
163,3,209.5,253.25,93.66000000000003,44.94999999999999,1,1,1.0
164,6,522.47,233.5,126.52999999999997,74.95999999999998,1,1,0.0
164,8,915.1,387.92,44.89999999999998,77.41999999999996,1,1,1.0
164,3,209.5,253.25,93.66000000000003,44.94999999999999,1,1,1.0
165,6,511.53,233.83,127.67000000000007,75.44999999999996,1,1,0.0
165,8,920.83,383.97,39.16999999999996,77.42999999999995,1,1,1.0
165,3,209.5,253.25,93.66000000000003,44.94999999999999,1,1,1.0
166,6,500.59,234.15,128.81,75.95000000000002,1,1,0.0
166,8,926.57,380.03,33.42999999999995,77.43,1,1,1.0
166,3,209.5,253.25,93.66000000000003,44.94999999999999,1,1,1.0
167,6,489.65,234.48,129.95000000000005,76.43000000000004,1,1,0.0
167,8,932.3,376.09,27.700000000000045,77.43,1,1,1.0
167,3,209.5,253.25,93.66000000000003,44.94999999999999,1,1,1.0
168,6,478.71,234.8,131.08999999999997,76.93,1,1,0.0
168,3,209.5,253.25,93.66000000000003,44.94999999999999,1,1,1.0
169,6,467.76,235.13,132.24,77.42000000000002,1,1,0.0
169,3,209.5,253.25,93.66000000000003,44.94999999999999,1,1,1.0
170,6,456.82,235.45,133.38000000000005,77.92000000000002,1,1,0.0
170,3,209.5,253.25,93.66000000000003,44.94999999999999,1,1,1.0
171,6,445.88,235.78,134.51999999999998,78.4,1,1,0.0
171,3,209.5,253.25,93.66000000000003,44.94999999999999,1,1,1.0
172,6,434.94,236.1,135.66000000000003,78.9,1,1,0.0
172,3,209.5,253.25,93.66000000000003,44.94999999999999,1,1,1.0
173,6,423.01,236.48,136.89999999999998,79.79999999999998,1,1,0.0
173,3,209.5,253.25,93.66000000000003,44.94999999999999,1,1,1.0
174,6,411.09,236.86,138.13000000000005,80.70999999999998,1,1,0.0
174,3,209.5,253.25,93.66000000000003,44.94999999999999,1,1,1.0
175,6,399.16,237.25,139.36999999999995,81.60000000000002,1,1,0.0
175,3,209.5,253.25,93.66000000000003,44.94999999999999,1,1,1.0
176,6,387.24,237.63,140.60000000000002,82.5,1,1,1.0
176,3,209.5,253.25,93.66000000000003,44.94999999999999,1,1,1.0
177,6,375.31,238.01,141.83999999999997,83.40000000000003,1,1,1.0
177,3,209.5,253.25,93.66000000000003,44.94999999999999,1,1,1.0
178,6,363.39,238.39,143.06,84.31,1,1,1.0
178,3,209.5,253.25,93.66000000000003,44.94999999999999,1,1,1.0
179,6,351.47,238.77,144.28999999999996,85.21000000000001,1,1,1.0
179,3,209.5,253.25,93.66000000000003,44.94999999999999,1,1,1.0
180,6,339.54,239.15,145.52999999999997,86.10999999999999,1,1,1.0
180,3,209.5,253.25,93.66000000000003,44.94999999999999,1,1,1.0
181,6,327.62,239.54,146.76,87.00000000000003,1,1,1.0
181,3,209.5,253.25,93.66000000000003,44.94999999999999,1,1,1.0
182,6,315.69,239.92,148.0,87.91,1,1,1.0
182,3,209.5,253.25,93.66000000000003,44.94999999999999,1,1,1.0
183,6,303.77,240.3,149.23000000000002,88.81,1,1,1.0
183,3,209.5,253.25,93.66000000000003,44.94999999999999,1,1,1.0
184,6,292.72,240.9,149.45,88.95000000000002,1,1,1.0
184,3,209.5,253.25,93.66000000000003,44.94999999999999,1,1,1.0
185,6,281.67,241.5,149.66999999999996,89.08999999999997,1,1,1.0
185,3,209.5,253.25,93.66000000000003,44.94999999999999,1,1,0.0
186,6,270.62,242.1,149.89,89.22999999999999,1,1,1.0
186,3,209.5,253.25,93.66000000000003,44.94999999999999,1,1,0.0
187,6,259.57,242.7,150.12,89.38,1,1,1.0
187,3,209.5,253.25,93.66000000000003,44.94999999999999,1,1,0.0
188,6,248.52,243.3,150.34,89.51999999999998,1,1,1.0
188,3,209.5,253.25,93.66000000000003,44.94999999999999,1,1,0.0
189,6,237.47,243.9,150.55999999999997,89.66,1,1,1.0
189,3,209.5,253.25,93.66000000000003,44.94999999999999,1,1,0.0
190,6,226.42,244.5,150.78,89.80000000000001,1,1,1.0
190,3,209.5,253.25,93.66000000000003,44.94999999999999,1,1,0.0
