1,1,53.38,60.21,123.63,59.940000000000005,1,1,1.0
1,2,314.24,0.0,397.46000000000004,114.75,1,1,1.0
2,1,40.03,57.66,116.37,58.28,1,1,1.0
2,2,313.92,0.0,397.46999999999997,114.63,1,1,1.0
3,1,26.69,55.11,109.11000000000001,56.61,1,1,1.0
3,2,313.61,0.0,397.46000000000004,114.5,1,1,1.0
4,1,13.34,52.55,101.86,54.96000000000001,1,1,1.0
4,2,313.3,0.0,397.46,114.37,1,1,1.0
5,1,0.0,50.0,94.6,53.3,1,1,1.0
5,2,312.98,0.0,397.47,114.24,1,1,1.0
6,1,0.0,46.25,76.35,51.900000000000006,1,1,1.0
6,2,312.67,0.0,397.46,114.12,1,1,1.0
7,1,0.0,42.51,58.1,50.49,1,1,1.0
7,2,312.36,0.0,397.46000000000004,113.99,1,1,1.0
8,1,0.0,42.51,41.7,45.79,1,1,1.0
8,2,312.04,0.0,397.46999999999997,113.86,1,1,1.0
9,1,0.0,42.51,25.3,41.089999999999996,1,1,1.0
9,2,311.73,0.0,397.46000000000004,113.73,1,1,1.0
10,2,311.42,0.0,397.46,113.61,1,1,1.0
11,2,311.1,0.0,397.47,113.48,1,1,1.0
12,3,815.92,163.38,144.08000000000004,107.36000000000001,1,1,1.0
12,2,310.79,0.0,397.46,113.35,1,1,1.0
13,3,776.95,156.13,183.04999999999995,111.82999999999998,1,1,1.0
13,2,310.48,0.0,397.46000000000004,113.22,1,1,1.0
14,3,737.99,148.87,222.01,116.31,1,1,1.0
14,2,310.16,0.0,397.46999999999997,113.09,1,1,1.0
15,3,699.03,141.62,260.97,120.77999999999997,1,1,1.0
15,2,309.85,0.0,397.4599999999999,112.97,1,1,1.0
16,3,660.07,134.37,270.92999999999995,117.43,1,1,1.0
16,2,309.54,0.0,397.46,112.84,1,1,1.0
17,3,621.11,127.11,265.89,114.08999999999999,1,1,1.0
17,4,0.0,168.07,72.93,101.98000000000002,1,1,1.0
17,2,309.22,0.0,397.47,112.71,1,1,1.0
18,3,582.14,119.86,260.86,110.74,1,1,1.0
18,4,0.0,171.68,95.69,110.64999999999998,1,1,1.0
18,2,308.91,0.0,397.46,112.58,1,1,1.0
19,3,543.18,112.6,255.82000000000005,107.4,1,1,1.0
19,4,0.0,175.29,118.44,119.33000000000001,1,1,1.0
19,2,308.6,0.0,397.4599999999999,112.46,1,1,1.0
20,3,514.46,107.68,242.83999999999992,105.07,1,1,1.0
20,4,0.0,178.9,141.2,127.99999999999997,1,1,1.0
20,2,308.28,0.0,397.47,112.33,1,1,1.0
21,3,485.73,102.76,229.87,102.73,1,1,1.0
21,4,0.0,188.65,168.3,133.95000000000002,1,1,1.0
21,2,307.97,0.0,397.4599999999999,112.2,1,1,1.0
22,3,457.01,97.84,222.09000000000003,100.4,1,1,1.0
22,4,0.0,198.4,195.4,139.9,1,1,1.0
22,2,307.84,0.0,397.59,112.2,1,1,1.0
23,3,428.29,92.92,214.31,98.07000000000001,1,1,1.0
23,4,18.78,207.2,212.39,148.2,1,1,1.0
23,2,307.71,0.0,397.71999999999997,112.2,1,1,1.0
24,3,399.56,88.0,206.54000000000002,95.72999999999999,1,1,1.0
24,4,37.57,216.0,229.36,156.5,1,1,1.0
24,2,307.59,0.0,397.84,112.2,1,1,1.0
25,3,377.23,84.8,199.26999999999998,91.97000000000001,1,1,1.0
25,4,56.35,224.8,246.35,164.8,1,1,1.0
25,2,307.46,0.0,397.96999999999997,112.2,1,1,1.0
26,3,354.9,81.6,192.0,88.20000000000002,1,1,1.0
26,4,87.4,238.12,266.12,177.48000000000002,1,1,1.0
26,2,307.33,0.0,398.09999999999997,112.2,1,1,1.0
27,3,332.56,78.4,184.73999999999995,84.43,1,1,1.0
27,4,118.45,251.44,285.89,190.16000000000003,1,1,1.0
27,2,307.21,0.0,398.21999999999997,112.2,1,1,1.0
28,3,310.23,75.2,177.46999999999997,80.67,1,1,1.0
28,4,149.5,264.76,305.66,202.84000000000003,1,1,1.0
28,2,307.08,0.0,398.34999999999997,112.2,1,1,1.0
29,3,287.9,72.0,170.20000000000005,76.9,1,1,1.0
29,4,180.55,278.08,325.43,215.52000000000004,1,1,1.0
29,2,306.95,0.0,398.47999999999996,112.2,1,1,1.0
30,3,268.66,68.37,166.32999999999998,75.51999999999998,1,1,1.0
30,4,211.6,291.4,345.19999999999993,228.20000000000005,1,1,1.0
30,2,306.82,0.0,398.60999999999996,112.2,1,1,1.0
31,3,249.43,64.75,162.45,74.13,1,1,1.0
31,5,810.25,150.24,149.75,96.53999999999999,1,1,1.0
31,4,250.54,304.72,380.6600000000001,235.27999999999997,1,1,1.0
31,2,306.7,0.0,398.72999999999996,112.2,1,1,1.0
32,3,230.19,61.12,158.57999999999998,72.74000000000001,1,1,1.0
32,5,769.88,141.71,190.12,105.07999999999998,1,1,1.0
32,4,301.63,323.66,405.84000000000003,216.33999999999997,1,1,1.0
32,2,306.57,0.0,398.85999999999996,112.2,1,1,1.0
33,3,214.2,58.87,153.28000000000003,71.35999999999999,1,1,1.0
33,5,729.5,133.19,230.5,113.61000000000001,1,1,1.0
33,4,352.73,342.6,431.0,197.39999999999998,1,1,1.0
33,2,306.44,0.0,398.98999999999995,112.2,1,1,1.0
34,3,198.21,56.63,147.98,69.97,1,1,1.0
34,5,689.13,124.66,237.26999999999998,109.1,1,1,1.0
34,4,403.82,361.54,456.18,178.45999999999998,1,1,1.0
34,2,306.31,0.0,399.11999999999995,112.2,1,1,1.0
35,3,182.23,54.38,142.67,68.57999999999998,1,1,1.0
35,5,648.76,116.13,244.03999999999996,104.59,1,1,1.0
35,4,477.5,390.56,436.4,149.44,1,1,1.0
35,2,306.19,0.0,399.23999999999995,112.2,1,1,1.0
36,3,168.72,52.13,137.17999999999998,67.19999999999999,1,1,1.0
36,5,608.39,107.61,233.71000000000004,106.58999999999999,1,1,1.0
36,4,551.17,419.58,385.7800000000001,120.42000000000002,1,1,1.0
36,2,306.06,0.0,399.36999999999995,112.2,1,1,1.0
37,3,155.22,49.88,131.67999999999998,65.82,1,1,1.0
37,5,577.76,102.78,226.90999999999997,103.18,1,1,1.0
37,4,624.84,448.6,335.15999999999997,91.39999999999998,1,1,1.0
37,2,305.93,0.0,399.49999999999994,112.2,1,1,1.0
38,3,141.72,47.64,126.17999999999998,64.42,1,1,1.0
38,5,547.13,97.95,220.11,99.76,1,1,1.0
38,2,305.8,0.0,399.62999999999994,112.2,1,1,1.0
39,3,128.21,45.39,124.15,63.040000000000006,1,1,1.0
39,5,516.5,93.12,213.30999999999995,96.35,1,1,1.0
39,2,305.68,0.0,399.74999999999994,112.2,1,1,1.0
40,3,114.71,43.14,122.11,61.66,1,1,1.0
40,5,485.87,88.29,206.51999999999998,92.93999999999998,1,1,1.0
40,2,305.55,0.0,399.87999999999994,112.2,1,1,1.0
41,3,101.21,40.89,120.07000000000001,60.28,1,1,1.0
41,5,455.24,83.46,199.72000000000003,89.53000000000002,1,1,1.0
41,2,305.42,0.0,400.00999999999993,112.2,1,1,1.0
42,3,87.7,38.65,118.04,58.88,1,1,1.0
42,5,424.61,78.63,192.91999999999996,86.11000000000001,1,1,1.0
42,2,305.29,0.0,400.13999999999993,112.2,1,1,1.0
43,3,74.2,36.4,115.99999999999999,57.50000000000001,1,1,1.0
43,5,393.98,73.8,186.12,82.7,1,1,1.0
43,2,305.17,0.0,400.25999999999993,112.2,1,1,1.0
44,3,63.95,35.18,112.63000000000001,56.29,1,1,1.0
44,5,372.16,68.78,179.35999999999996,81.96000000000001,1,1,1.0
44,2,305.04,0.0,400.38999999999993,112.2,1,1,1.0
45,3,53.69,33.97,109.25999999999999,55.07000000000001,1,1,1.0
45,5,350.35,63.77,172.59000000000003,81.20999999999998,1,1,1.0
45,2,304.91,0.0,400.5199999999999,112.2,1,1,1.0
46,3,43.44,32.75,105.89000000000001,53.86,1,1,1.0
46,5,328.53,58.75,165.83000000000004,80.47,1,1,1.0
46,2,304.78,0.0,400.65,112.2,1,1,1.0
47,3,33.19,31.53,102.50999999999999,52.66,1,1,1.0
47,5,306.72,53.74,159.05999999999995,79.72,1,1,1.0
47,2,304.66,0.0,400.7699999999999,112.2,1,1,1.0
48,3,22.93,30.32,101.57,51.440000000000005,1,1,1.0
48,5,284.9,48.72,152.3,78.98,1,1,1.0
48,2,304.53,0.0,400.9,112.2,1,1,1.0
49,3,12.68,29.1,100.62,50.23,1,1,1.0
49,5,266.72,46.84,147.60999999999996,76.78999999999999,1,1,1.0
49,2,304.4,0.0,401.03,112.2,1,1,1.0
50,3,10.14,26.83,92.64,50.230000000000004,1,1,1.0
50,5,248.54,44.96,142.91,74.59,1,1,1.0
50,2,304.27,0.0,401.15999999999997,112.2,1,1,1.0
51,3,7.61,24.57,84.65,50.23,1,1,1.0
51,5,230.36,43.08,138.21999999999997,72.4,1,1,1.0
51,2,304.15,0.0,401.28,112.2,1,1,1.0
52,3,5.07,22.3,76.66999999999999,50.230000000000004,1,1,1.0
52,5,212.18,41.2,133.51999999999998,70.2,1,1,1.0
52,2,304.02,0.0,401.40999999999997,112.2,1,1,1.0
53,3,2.54,20.03,68.67999999999999,50.230000000000004,1,1,1.0
53,5,196.88,39.19,131.01999999999998,68.69,1,1,1.0
53,2,303.89,0.0,401.53999999999996,112.2,1,1,1.0
54,3,0.0,17.77,60.7,50.230000000000004,1,1,1.0
54,5,181.59,37.19,128.51000000000002,67.17,1,1,1.0
54,2,303.76,0.0,401.66999999999996,112.2,1,1,1.0
55,3,0.0,17.77,52.07,48.33,1,1,1.0
55,5,166.29,35.18,126.01000000000002,65.66,1,1,1.0
55,2,303.64,0.0,401.78999999999996,112.2,1,1,1.0
56,3,0.0,17.77,43.43,46.43000000000001,1,1,1.0
56,5,151.0,33.18,123.5,64.13999999999999,1,1,1.0
56,2,303.51,0.0,401.91999999999996,112.2,1,1,1.0
57,3,0.0,17.77,34.8,44.53,1,1,1.0
57,5,135.7,31.17,121.0,62.629999999999995,1,1,1.0
57,2,303.38,0.0,402.04999999999995,112.2,1,1,1.0
58,5,124.07,30.82,115.01000000000002,60.61000000000001,1,1,1.0
58,2,303.25,0.0,402.17999999999995,112.2,1,1,1.0
59,5,112.43,30.46,109.03999999999999,58.60999999999999,1,1,1.0
59,2,303.13,0.0,402.29999999999995,112.2,1,1,1.0
60,5,100.8,30.11,103.05,56.59,1,1,1.0
60,2,303.0,0.0,402.42999999999995,112.2,1,1,1.0
